	 6 1 1 0 0 11 10.2 2212 0.938272 0
1 0 1 22 0 0 1.20887 -0.0666749 2.4971 2.77513 -5.16191e-08 0 0 -2.22039
2 0 1 22 0 0 0.200426 0.198181 0.958779 0.999352 -2.35608e-08 0 0 -2.22039
3 0 1 211 0 0 0.215339 -0.0355098 0.76694 0.809512 0.13957 0 0 -2.22039
4 0 1 -211 0 0 0.229365 -0.13231 0.861517 0.912034 0.13957 0 0 -2.22039
5 0 1 2212 0 0 -1.8447 0.01017 3.80623 4.33253 0.938272 0 0 -2.22039
6 0 1 11 0 0 -0.0092991 0.0261438 1.30943 1.30972 0.000510999 0 0 -2.22039
	 6 1 1 0 0 11 10.2 2212 0.938272 0
1 0 1 22 0 0 -0.0269106 0.0150018 0.0178046 0.0355842 5.16034e-08 0 0 -1.33536
2 0 1 22 0 0 0.0699228 0.0167047 0.0874924 0.113239 2.34871e-08 0 0 -1.33536
3 0 1 211 0 0 -0.159823 -0.00437164 0.215611 0.30254 0.13957 0 0 -1.33536
4 0 1 -211 0 0 -0.0476778 -0.0795834 0.0191983 0.168686 0.13957 0 0 -1.33536
5 0 1 2212 0 0 0.240421 0.121052 0.395383 1.05316 0.938272 0 0 -1.33536
6 0 1 11 0 0 -0.0759325 -0.0688039 9.46451 9.46507 0.000510999 0 0 -1.33536
	 6 1 1 0 0 11 10.2 2212 0.938272 0
1 0 1 22 0 0 0.0231019 0.0148963 0.0250173 0.037168 5.16023e-08 0 0 -4.01687
2 0 1 22 0 0 -0.0154542 0.0815755 0.00404475 0.0831249 2.3441e-08 0 0 -4.01687
3 0 1 211 0 0 0.0286664 0.0488262 0.142257 0.207178 0.13957 0 0 -4.01687
4 0 1 -211 0 0 -0.0201012 -0.0681807 -0.0156395 0.157407 0.13957 0 0 -4.01687
5 0 1 2212 0 0 -0.0161899 -0.0770185 0.423247 1.03232 0.938272 0 0 -4.01687
6 0 1 11 0 0 -2.29935e-05 -9.87871e-05 9.62107 9.62107 0.000510999 0 0 -4.01687
	 6 1 1 0 0 11 10.2 2212 0.938272 0
1 0 1 22 0 0 0.0102489 0.105587 0.0953683 0.142649 5.14677e-08 0 0 -1.8539
2 0 1 22 0 0 0.0991509 -0.0361744 0.119731 0.159609 2.33389e-08 0 0 -1.8539
3 0 1 211 0 0 0.0441589 0.0346605 0.0344364 0.154328 0.13957 0 0 -1.8539
4 0 1 -211 0 0 0.156366 0.061392 0.129907 0.254116 0.13957 0 0 -1.8539
5 0 1 2212 0 0 -0.310565 -0.163972 0.523241 1.13025 0.938272 0 0 -1.8539
6 0 1 11 0 0 0.000640551 -0.00149335 9.29732 9.29732 0.000510999 0 0 -1.8539
	 6 1 1 0 0 11 10.2 2212 0.938272 0
1 0 1 22 0 0 0.00894544 0.026452 0.0159772 0.0321714 5.14593e-08 0 0 -4.06932
2 0 1 22 0 0 0.0390623 0.0292944 -0.0357253 0.0605006 2.33296e-08 0 0 -4.06932
3 0 1 211 0 0 -0.0123974 -0.0609264 0.199361 0.251178 0.13957 0 0 -4.06932
4 0 1 -211 0 0 0.0732311 0.0982124 0.0736144 0.199768 0.13957 0 0 -4.06932
5 0 1 2212 0 0 -0.156614 -0.0330567 0.375727 1.0233 0.938272 0 0 -4.06932
6 0 1 11 0 0 0.047772 -0.0599756 9.57105 9.57135 0.000510999 0 0 -4.06932
	 6 1 1 0 0 11 10.2 2212 0.938272 0
1 0 1 22 0 0 -0.0968197 0.0548377 0.127648 0.169338 5.13834e-08 0 0 -4.99161
2 0 1 22 0 0 -0.0656008 0.0870771 0.0402182 0.116204 2.34085e-08 0 0 -4.99161
3 0 1 211 0 0 -0.0273377 -0.0229222 0.149336 0.207494 0.13957 0 0 -4.99161
4 0 1 -211 0 0 -0.0264359 0.0383289 0.0593151 0.158638 0.13957 0 0 -4.99161
5 0 1 2212 0 0 0.216889 -0.156684 0.386224 1.04934 0.938272 0 0 -4.99161
6 0 1 11 0 0 -0.000695403 -0.000637745 9.43726 9.43726 0.000510999 0 0 -4.99161
	 6 1 1 0 0 11 10.2 2212 0.938272 0
1 0 1 22 0 0 -0.00645905 0.0122491 -0.0291699 0.03229 5.13812e-08 0 0 -5.26648
2 0 1 22 0 0 -0.00412766 0.00537707 -0.00958784 0.0117421 2.3407e-08 0 0 -5.26648
3 0 1 211 0 0 0.0365595 0.0322342 0.456437 0.479781 0.13957 0 0 -5.26648
4 0 1 -211 0 0 -0.137794 0.0986402 0.14408 0.262595 0.13957 0 0 -5.26648
5 0 1 2212 0 0 0.0543832 -0.127798 0.2738 0.987224 0.938272 0 0 -5.26648
6 0 1 11 0 0 0.0574383 -0.0207025 9.36444 9.36464 0.000510999 0 0 -5.26648
	 6 1 1 0 0 11 10.2 2212 0.938272 0
1 0 1 22 0 0 0.0239655 0.12517 0.267861 0.296634 5.16191e-08 0 0 -5.10693
2 0 1 22 0 0 -0.392718 -0.448294 0.715507 0.931206 1.82501e-08 0 0 -5.10693
3 0 1 211 0 0 -0.0118305 -0.167669 0.253061 0.334324 0.13957 0 0 -5.10693
4 0 1 -211 0 0 -0.0374913 -0.171457 0.70619 0.740937 0.13957 0 0 -5.10693
5 0 1 2212 0 0 0.41687 0.642691 0.980831 1.55859 0.938272 0 0 -5.10693
6 0 1 11 0 0 0.00120415 0.0195593 7.27655 7.27658 0.000510999 0 0 -5.10693
	 6 1 1 0 0 11 10.2 2212 0.938272 0
1 0 1 22 0 0 0.0181681 0.00495473 -0.0138897 0.0233998 5.1621e-08 0 0 -1.45795
2 0 1 22 0 0 -0.0737456 0.0355307 0.0606203 0.101861 1.83213e-08 0 0 -1.45795
3 0 1 211 0 0 0.0241106 -0.0520556 -0.0410968 0.156396 0.13957 0 0 -1.45795
4 0 1 -211 0 0 0.0531436 0.0226356 0.229497 0.274745 0.13957 0 0 -1.45795
5 0 1 2212 0 0 -0.0105942 -0.0273876 0.405648 1.02263 0.938272 0 0 -1.45795
6 0 1 11 0 0 -0.0110825 0.0163221 9.55922 9.55924 0.000510999 0 0 -1.45795
	 6 1 1 0 0 11 10.2 2212 0.938272 0
1 0 1 22 0 0 -0.0174686 -0.0140478 0.0400865 0.0459284 5.15855e-08 0 0 -3.28958
2 0 1 22 0 0 0.0644192 -0.0448828 -0.116364 0.140374 1.84392e-08 0 0 -3.28958
3 0 1 211 0 0 0.0654513 -0.0759276 -0.0433184 0.177215 0.13957 0 0 -3.28958
4 0 1 -211 0 0 0.0422534 -0.0491849 0.0486837 0.161414 0.13957 0 0 -3.28958
5 0 1 2212 0 0 -0.154587 0.184016 1.19858 1.54101 0.938272 0 0 -3.28958
6 0 1 11 0 0 -6.83812e-05 2.66019e-05 9.07233 9.07233 0.000510999 0 0 -3.28958
	 6 1 1 0 0 11 10.2 2212 0.938272 0
1 0 1 22 0 0 -0.00515215 -0.117897 0.666837 0.677198 4.998e-08 0 0 -2.82257
2 0 1 22 0 0 0.87642 0.102691 2.33141 2.49282 2.98023e-08 0 0 -2.82257
3 0 1 211 0 0 0.467359 0.0364722 2.15974 2.21443 0.13957 0 0 -2.82257
4 0 1 -211 0 0 0.496784 0.0458792 1.39444 1.48756 0.13957 0 0 -2.82257
5 0 1 2212 0 0 -1.83487 -0.0694214 3.12691 3.74559 0.938272 0 0 -2.82257
6 0 1 11 0 0 -0.000543829 0.00227558 0.520663 0.520668 0.000510999 0 0 -2.82257
	 6 1 1 0 0 11 10.2 2212 0.938272 0
1 0 1 22 0 0 0.0181191 0.0342273 0.0118106 0.0404882 4.999e-08 0 0 -2.36778
2 0 1 22 0 0 -0.0606771 0.100766 0.0790808 0.141737 2.9875e-08 0 0 -2.36778
3 0 1 211 0 0 0.060984 0.193628 0.149349 0.28809 0.13957 0 0 -2.36778
4 0 1 -211 0 0 0.187491 0.0826265 0.121119 0.275916 0.13957 0 0 -2.36778
5 0 1 2212 0 0 -0.203812 -0.407454 0.706236 1.25964 0.938272 0 0 -2.36778
6 0 1 11 0 0 -0.00210543 -0.00379364 9.1324 9.13241 0.000510999 0 0 -2.36778
	 6 1 1 0 0 11 10.2 2212 0.938272 0
1 0 1 22 0 0 0.107327 0.0291971 0.186371 0.217038 5.01187e-08 0 0 -0.841956
2 0 1 22 0 0 -0.0108045 0.029302 0.00542378 0.031698 2.98723e-08 0 0 -0.841956
3 0 1 211 0 0 -0.105899 -0.00614658 0.128454 0.217331 0.13957 0 0 -0.841956
4 0 1 -211 0 0 -0.039171 0.190367 0.294707 0.379613 0.13957 0 0 -0.841956
5 0 1 2212 0 0 0.0521876 -0.25526 0.316325 1.02386 0.938272 0 0 -0.841956
6 0 1 11 0 0 -0.00363972 0.012541 9.26872 9.26873 0.000510999 0 0 -0.841956
	 6 1 1 0 0 11 10.2 2212 0.938272 0
1 0 1 22 0 0 -0.0733637 -0.051449 0.046089 0.100764 5.01316e-08 0 0 -4.48645
2 0 1 22 0 0 0.00201688 -0.0630491 0.0645838 0.0902792 2.99185e-08 0 0 -4.48645
3 0 1 211 0 0 -0.0612374 -0.0334123 0.0768051 0.173912 0.13957 0 0 -4.48645
4 0 1 -211 0 0 0.074063 0.0409037 0.0231945 0.164852 0.13957 0 0 -4.48645
5 0 1 2212 0 0 0.0589676 0.118988 0.415638 1.03477 0.938272 0 0 -4.48645
6 0 1 11 0 0 -0.000446343 -0.0119813 9.57369 9.5737 0.000510999 0 0 -4.48645
	 6 1 1 0 0 11 10.2 2212 0.938272 0
1 0 1 22 0 0 -0.00789065 -0.018693 -0.0268804 0.0336786 5.01111e-08 0 0 -0.60228
2 0 1 22 0 0 -0.0238305 -0.0321063 0.0582828 0.0706795 2.98532e-08 0 0 -0.60228
3 0 1 211 0 0 0.0207575 0.0272869 -0.0388581 0.14888 0.13957 0 0 -0.60228
4 0 1 -211 0 0 0.175854 -0.0651703 -0.0494668 0.238953 0.13957 0 0 -0.60228
5 0 1 2212 0 0 -0.164741 0.08862 0.98148 1.37064 0.938272 0 0 -0.60228
6 0 1 11 0 0 -0.000149151 6.27799e-05 9.27544 9.27544 0.000510999 0 0 -0.60228
	 6 1 1 0 0 11 10.2 2212 0.938272 0
1 0 1 22 0 0 -0.057556 -0.18535 0.335586 0.387666 5.06694e-08 0 0 -5.06562
2 0 1 22 0 0 -0.227406 0.236278 0.0240941 0.328818 3.04323e-08 0 0 -5.06562
3 0 1 211 0 0 -0.183183 -0.142794 0.00680456 0.271058 0.13957 0 0 -5.06562
4 0 1 -211 0 0 -0.041784 -0.0822231 0.178458 0.244609 0.13957 0 0 -5.06562
5 0 1 2212 0 0 0.532811 0.159869 2.24448 2.49549 0.938272 0 0 -5.06562
6 0 1 11 0 0 -0.022882 0.0142199 7.41058 7.41063 0.000510999 0 0 -5.06562
	 6 1 1 0 0 11 10.2 2212 0.938272 0
1 0 1 22 0 0 -0.290192 0.288737 1.24969 1.31503 5.5755e-08 0 0 -0.555933
2 0 1 22 0 0 -0.514012 0.0113917 0.550693 0.753393 2.58096e-08 0 0 -0.555933
3 0 1 211 0 0 -0.053587 -0.0222052 0.0830666 0.172466 0.13957 0 0 -0.555933
4 0 1 -211 0 0 -0.133833 0.0464754 0.24243 0.313565 0.13957 0 0 -0.555933
5 0 1 2212 0 0 0.990968 -0.329355 1.67851 2.18821 0.938272 0 0 -0.555933
6 0 1 11 0 0 0.000656474 0.00495623 6.39561 6.39561 0.000510999 0 0 -0.555933
	 6 1 1 0 0 11 10.2 2212 0.938272 0
1 0 1 22 0 0 0.0342913 -0.129013 0.0712441 0.151314 5.57784e-08 0 0 -4.53866
2 0 1 22 0 0 0.0042852 0.00854869 -0.000939393 0.00960862 2.57447e-08 0 0 -4.53866
3 0 1 211 0 0 -0.0118812 0.0591386 0.0992172 0.181555 0.13957 0 0 -4.53866
4 0 1 -211 0 0 0.110382 -0.0647149 0.0463271 0.194931 0.13957 0 0 -4.53866
5 0 1 2212 0 0 -0.136371 0.12828 0.433813 1.05052 0.938272 0 0 -4.53866
6 0 1 11 0 0 -0.000706076 -0.002239 9.55034 9.55034 0.000510999 0 0 -4.53866
	 6 1 1 0 0 11 10.2 2212 0.938272 0
1 0 1 22 0 0 0.0351951 -0.0701135 -0.0183195 0.0805617 5.57789e-08 0 0 -4.38206
2 0 1 22 0 0 -0.00701963 0.0755898 -0.0106826 0.076663 2.56132e-08 0 0 -4.38206
3 0 1 211 0 0 -0.0182042 -0.00587363 0.0682571 0.15654 0.13957 0 0 -4.38206
4 0 1 -211 0 0 0.0122146 0.0648501 0.0595428 0.165469 0.13957 0 0 -4.38206
5 0 1 2212 0 0 -0.0219591 -0.0646406 0.514338 1.07217 0.938272 0 0 -4.38206
6 0 1 11 0 0 -0.000226822 0.000187783 9.58686 9.58686 0.000510999 0 0 -4.38206
	 6 1 1 0 0 11 10.2 2212 0.938272 0
1 0 1 22 0 0 0.0569091 0.0418648 -0.033505 0.0781914 5.57861e-08 0 0 -3.38123
2 0 1 22 0 0 -0.0224522 0.000932518 0.0255649 0.0340373 2.55902e-08 0 0 -3.38123
3 0 1 211 0 0 0.103379 0.0929671 0.214585 0.291302 0.13957 0 0 -3.38123
4 0 1 -211 0 0 0.000309762 0.218662 0.0506573 0.264308 0.13957 0 0 -3.38123
5 0 1 2212 0 0 -0.149012 -0.350391 0.707595 1.23532 0.938272 0 0 -3.38123
6 0 1 11 0 0 0.0108661 -0.00403469 9.2351 9.23511 0.000510999 0 0 -3.38123
	 6 1 1 0 0 11 10.2 2212 0.938272 0
1 0 1 22 0 0 0.133659 0.174213 0.547232 0.589642 5.5755e-08 0 0 -1.82363
2 0 1 22 0 0 -0.0251506 -0.0014014 0.00462799 0.0256112 2.55315e-08 0 0 -1.82363
3 0 1 211 0 0 0.0440192 0.0272 0.106236 0.182876 0.13957 0 0 -1.82363
4 0 1 -211 0 0 0.0434688 -0.0118197 0.291804 0.326586 0.13957 0 0 -1.82363
5 0 1 2212 0 0 -0.195793 -0.1884 0.243181 1.00664 0.938272 0 0 -1.82363
6 0 1 11 0 0 -0.000203026 0.000208029 9.00692 9.00692 0.000510999 0 0 -1.82363
	 6 1 1 0 0 11 10.2 2212 0.938272 0
1 0 1 22 0 0 -0.285777 0.00855829 -0.0431442 0.289142 5.51332e-08 0 0 -3.75044
2 0 1 22 0 0 0.237511 0.127 0.0683913 0.277881 2.48857e-08 0 0 -3.75044
3 0 1 211 0 0 0.0560172 0.142329 0.0152129 0.207622 0.13957 0 0 -3.75044
4 0 1 -211 0 0 -0.042461 0.121613 0.230444 0.298625 0.13957 0 0 -3.75044
5 0 1 2212 0 0 0.0151498 -0.396704 3.7516 3.88748 0.938272 0 0 -3.75044
6 0 1 11 0 0 0.0195598 -0.00279631 6.17749 6.17752 0.000510999 0 0 -3.75044
	 6 1 1 0 0 11 10.2 2212 0.938272 0
1 0 1 22 0 0 0.0729858 0.357874 1.66452 1.70412 4.71216e-08 0 0 -5.2482
2 0 1 22 0 0 -0.112627 -0.118908 0.226485 0.279499 1.6867e-08 0 0 -5.2482
3 0 1 211 0 0 0.146019 0.0493565 0.433694 0.480965 0.13957 0 0 -5.2482
4 0 1 -211 0 0 -0.0176776 0.104312 0.201899 0.267276 0.13957 0 0 -5.2482
5 0 1 2212 0 0 -0.0889833 -0.392748 0.344622 1.07763 0.938272 0 0 -5.2482
6 0 1 11 0 0 0.00028368 0.000113758 7.32878 7.32878 0.000510999 0 0 -5.2482
	 6 1 1 0 0 11 10.2 2212 0.938272 0
1 0 1 22 0 0 0.106447 0.0397398 0.0222695 0.115785 4.71515e-08 0 0 -3.40277
2 0 1 22 0 0 -0.0645034 0.072684 0.115522 0.15096 1.68155e-08 0 0 -3.40277
3 0 1 211 0 0 0.0412913 0.0560255 0.0431774 0.161827 0.13957 0 0 -3.40277
4 0 1 -211 0 0 0.0533361 0.0149774 0.124543 0.195089 0.13957 0 0 -3.40277
5 0 1 2212 0 0 0.0206835 -0.242815 0.450224 1.06885 0.938272 0 0 -3.40277
6 0 1 11 0 0 -0.157254 0.059388 9.44426 9.44576 0.000510999 0 0 -3.40277
	 6 1 1 0 0 11 10.2 2212 0.938272 0
1 0 1 22 0 0 0.00641408 -0.0838678 -0.0234079 0.0873091 4.714e-08 0 0 -4.034
2 0 1 22 0 0 -0.00126064 -0.0041514 0.0808476 0.0809639 1.6634e-08 0 0 -4.034
3 0 1 211 0 0 0.0840143 -0.0551851 0.0483647 0.178669 0.13957 0 0 -4.034
4 0 1 -211 0 0 -0.0640018 0.0106743 0.0881778 0.177385 0.13957 0 0 -4.034
5 0 1 2212 0 0 -0.0253772 0.132289 0.435022 1.04295 0.938272 0 0 -4.034
6 0 1 11 0 0 0.000211235 0.000240925 9.571 9.571 0.000510999 0 0 -4.034
	 6 1 1 0 0 11 10.2 2212 0.938272 0
1 0 1 22 0 0 -0.0389817 0.0340333 0.190643 0.197541 4.71952e-08 0 0 -1.64433
2 0 1 22 0 0 -0.0538783 0.0593628 0.119083 0.143553 1.666e-08 0 0 -1.64433
3 0 1 211 0 0 -0.021704 -0.0131637 0.0995902 0.173327 0.13957 0 0 -1.64433
4 0 1 -211 0 0 0.0506476 -0.0206024 0.357234 0.387409 0.13957 0 0 -1.64433
5 0 1 2212 0 0 0.0431768 -0.0261971 0.148363 0.951271 0.938272 0 0 -1.64433
6 0 1 11 0 0 0.0207396 -0.0334329 9.28509 9.28517 0.000510999 0 0 -1.64433
	 6 1 1 0 0 11 10.2 2212 0.938272 0
1 0 1 22 0 0 0.0137726 0.0637462 -0.0153251 0.0669934 4.72041e-08 0 0 -3.4594
2 0 1 22 0 0 0.00388589 -0.0368319 0.0600573 0.0705589 1.65556e-08 0 0 -3.4594
3 0 1 211 0 0 0.0327997 0.117146 0.052498 0.192444 0.13957 0 0 -3.4594
4 0 1 -211 0 0 -0.0932896 0.140962 0.223273 0.312896 0.13957 0 0 -3.4594
5 0 1 2212 0 0 0.0429697 -0.28473 0.474085 1.08997 0.938272 0 0 -3.4594
6 0 1 11 0 0 -0.000138417 -0.000292053 9.40541 9.40541 0.000510999 0 0 -3.4594
	 6 1 1 0 0 11 10.2 2212 0.938272 0
1 0 1 22 0 0 0.0522823 -0.063404 0.13494 0.157995 4.71952e-08 0 0 -3.63095
2 0 1 22 0 0 0.0173961 0.0614989 0.0201725 0.0670199 1.68026e-08 0 0 -3.63095
3 0 1 211 0 0 0.0898322 0.0552036 0.0546604 0.183262 0.13957 0 0 -3.63095
4 0 1 -211 0 0 0.134145 0.0104073 0.211549 0.286943 0.13957 0 0 -3.63095
5 0 1 2212 0 0 -0.0190583 -0.0886558 0.342636 1.00298 0.938272 0 0 -3.63095
6 0 1 11 0 0 -0.274597 0.02495 9.43604 9.44007 0.000510999 0 0 -3.63095
	 6 1 1 0 0 11 10.2 2212 0.938272 0
1 0 1 22 0 0 0.24172 -0.149095 0.477232 0.555345 4.59285e-08 0 0 -4.41705
2 0 1 22 0 0 0.113339 0.182122 -0.0567963 0.2219 1.72985e-08 0 0 -4.41705
3 0 1 211 0 0 0.167054 -0.013131 0.135686 0.256846 0.13957 0 0 -4.41705
4 0 1 -211 0 0 0.0217671 -0.0700236 -0.0680286 0.171711 0.13957 0 0 -4.41705
5 0 1 2212 0 0 -0.527241 0.121161 2.55355 2.77374 0.938272 0 0 -4.41705
6 0 1 11 0 0 -0.0166386 -0.0710336 7.15836 7.15873 0.000510999 0 0 -4.41705
	 6 1 1 0 0 11 10.2 2212 0.938272 0
1 0 1 22 0 0 -0.0519245 0.0688153 0.0291171 0.0909918 4.5919e-08 0 0 -4.3409
2 0 1 22 0 0 0.00985664 0.0339535 0.0523836 0.0631984 1.73111e-08 0 0 -4.3409
3 0 1 211 0 0 0.0302115 0.0772303 0.0265983 0.164513 0.13957 0 0 -4.3409
4 0 1 -211 0 0 0.0207752 -0.0544403 -0.0444931 0.157654 0.13957 0 0 -4.3409
5 0 1 2212 0 0 0.193261 -0.0914428 0.623158 1.14647 0.938272 0 0 -4.3409
6 0 1 11 0 0 -0.20218 -0.034116 9.51324 9.51545 0.000510999 0 0 -4.3409
	 6 1 1 0 0 11 10.2 2212 0.938272 0
1 0 1 22 0 0 0.00919227 -0.298681 0.162206 0.340008 4.52051e-08 0 0 -1.35601
2 0 1 22 0 0 0.0310633 0.0353373 0.783691 0.785102 1.05367e-08 0 0 -1.35601
3 0 1 211 0 0 0.121656 0.0155385 0.168965 0.251139 0.13957 0 0 -1.35601
4 0 1 -211 0 0 0.183883 -0.198078 0.454955 0.547277 0.13957 0 0 -1.35601
5 0 1 2212 0 0 -0.301809 0.440101 0.704575 1.28901 0.938272 0 0 -1.35601
6 0 1 11 0 0 -0.043986 0.00578309 7.92561 7.92573 0.000510999 0 0 -1.35601
	 6 1 1 0 0 11 10.2 2212 0.938272 0
1 0 1 22 0 0 -0.0180013 0.00326377 0.00153381 0.018359 4.51858e-08 0 0 -3.14234
2 0 1 22 0 0 0.0845596 0.0234131 -0.00270125 0.0877826 1.04828e-08 0 0 -3.14234
3 0 1 211 0 0 0.099192 0.310783 0.00158061 0.354834 0.13957 0 0 -3.14234
4 0 1 -211 0 0 -0.0424842 0.0238755 0.126924 0.194845 0.13957 0 0 -3.14234
5 0 1 2212 0 0 -0.123233 -0.361352 1.04711 1.4569 0.938272 0 0 -3.14234
6 0 1 11 0 0 -3.29345e-05 1.69147e-05 9.02555 9.02555 0.000510999 0 0 -3.14234
	 6 1 1 0 0 11 10.2 2212 0.938272 0
1 0 1 22 0 0 0.132108 0.334764 0.227419 0.425722 4.56253e-08 0 0 -2.54008
2 0 1 22 0 0 -0.243214 -0.024637 0.408099 0.475715 7.45058e-09 0 0 -2.54008
3 0 1 211 0 0 0.063855 0.0669488 0.151186 0.225602 0.13957 0 0 -2.54008
4 0 1 -211 0 0 0.14411 0.113474 0.055132 0.236988 0.13957 0 0 -2.54008
5 0 1 2212 0 0 -0.0970919 -0.490369 1.15016 1.56624 0.938272 0 0 -2.54008
6 0 1 11 0 0 0.000231977 -0.000180777 8.208 8.208 0.000510999 0 0 -2.54008
	 6 1 1 0 0 11 10.2 2212 0.938272 0
1 0 1 22 0 0 -0.115276 -0.116871 0.0164875 0.164982 4.55319e-08 0 0 -1.09686
2 0 1 22 0 0 -0.000104015 -0.00204295 0.0344309 0.0344917 7.6516e-09 0 0 -1.09686
3 0 1 211 0 0 -0.144555 0.113897 0.0817877 0.245026 0.13957 0 0 -1.09686
4 0 1 -211 0 0 -0.014109 0.130567 0.0615897 0.201296 0.13957 0 0 -1.09686
5 0 1 2212 0 0 0.271916 -0.118428 0.751251 1.23802 0.938272 0 0 -1.09686
6 0 1 11 0 0 0.00212775 -0.00712313 9.25445 9.25446 0.000510999 0 0 -1.09686
	 6 1 1 0 0 11 10.2 2212 0.938272 0
1 0 1 22 0 0 0.0497009 -0.0265036 -0.027522 0.0626904 4.55218e-08 0 0 -4.80894
2 0 1 22 0 0 0.0745248 -0.0171409 0.0369662 0.0849368 7.69399e-09 0 0 -4.80894
3 0 1 211 0 0 -0.0149062 0.211022 0.00974721 0.253628 0.13957 0 0 -4.80894
4 0 1 -211 0 0 -0.0358243 0.0867301 0.0182479 0.169169 0.13957 0 0 -4.80894
5 0 1 2212 0 0 -0.0736293 -0.254225 0.969868 1.37515 0.938272 0 0 -4.80894
6 0 1 11 0 0 0.000134112 0.000116781 9.19269 9.19269 0.000510999 0 0 -4.80894
	 6 1 1 0 0 11 10.2 2212 0.938272 0
1 0 1 22 0 0 -0.0409078 0.06352 -0.0287135 0.0808252 4.55575e-08 0 0 -0.771301
2 0 1 22 0 0 0.0239654 -0.0512105 0.0540066 0.0781893 7.5661e-09 0 0 -0.771301
3 0 1 211 0 0 -0.150629 -0.0375619 0.126204 0.243941 0.13957 0 0 -0.771301
4 0 1 -211 0 0 -0.111175 0.0320656 0.0726037 0.195292 0.13957 0 0 -0.771301
5 0 1 2212 0 0 -0.0697772 -0.0804464 0.521137 1.07855 0.938272 0 0 -0.771301
6 0 1 11 0 0 0.348524 0.0736331 9.45476 9.46147 0.000510999 0 0 -0.771301
	 6 1 1 0 0 11 10.2 2212 0.938272 0
1 0 1 22 0 0 -0.0308275 0.00650197 -0.0134065 0.0342395 4.5554e-08 0 0 -3.90803
2 0 1 22 0 0 -0.0960321 -0.0842656 0.0189278 0.129155 7.79548e-09 0 0 -3.90803
3 0 1 211 0 0 -0.214921 0.0167053 0.301273 0.395873 0.13957 0 0 -3.90803
4 0 1 -211 0 0 -0.17135 0.0334236 0.124846 0.256016 0.13957 0 0 -3.90803
5 0 1 2212 0 0 0.51383 0.0280061 0.755052 1.30968 0.938272 0 0 -3.90803
6 0 1 11 0 0 -0.000699034 -0.000371268 9.01331 9.01331 0.000510999 0 0 -3.90803
	 6 1 1 0 0 11 10.2 2212 0.938272 0
1 0 1 22 0 0 0.0306176 -0.0181669 0.0172962 0.0395807 4.55635e-08 0 0 -3.27574
2 0 1 22 0 0 0.0515175 0.0515951 -0.0602267 0.0945693 7.76413e-09 0 0 -3.27574
3 0 1 211 0 0 0.0190388 -0.0132777 0.0640327 0.155302 0.13957 0 0 -3.27574
4 0 1 -211 0 0 -0.00927232 -0.0467473 0.131508 0.197599 0.13957 0 0 -3.27574
5 0 1 2212 0 0 -0.0161474 0.0199221 0.428117 1.03165 0.938272 0 0 -3.27574
6 0 1 11 0 0 -0.0757541 0.00667466 9.61927 9.61957 0.000510999 0 0 -3.27574
	 6 1 1 0 0 11 10.2 2212 0.938272 0
1 0 1 22 0 0 -0.188541 0.102301 0.180096 0.280086 4.50129e-08 0 0 -4.96871
2 0 1 22 0 0 -0.28574 0.0964851 2.07752 2.0993 0 0 0 -4.96871
3 0 1 211 0 0 -0.0318896 -0.0582602 0.212422 0.262705 0.13957 0 0 -4.96871
4 0 1 -211 0 0 -0.0128443 0.102543 0.598355 0.623048 0.13957 0 0 -4.96871
5 0 1 2212 0 0 0.568825 -0.28625 0.496811 1.23801 0.938272 0 0 -4.96871
6 0 1 11 0 0 -0.0498103 0.0431805 6.63479 6.63512 0.000510999 0 0 -4.96871
	 6 1 1 0 0 11 10.2 2212 0.938272 0
1 0 1 22 0 0 0.195867 -0.213149 0.779173 0.831208 4.59285e-08 0 0 -2.96576
2 0 1 22 0 0 -0.149958 0.212285 0.644691 0.695111 -1.05367e-08 0 0 -2.96576
3 0 1 211 0 0 0.108823 -0.0646746 0.476699 0.512588 0.13957 0 0 -2.96576
4 0 1 -211 0 0 0.117846 0.100865 0.214605 0.299327 0.13957 0 0 -2.96576
5 0 1 2212 0 0 -0.272092 -0.0355298 0.310492 1.0257 0.938272 0 0 -2.96576
6 0 1 11 0 0 -0.000485911 0.000203325 7.77434 7.77434 0.000510999 0 0 -2.96576
	 6 1 1 0 0 11 10.2 2212 0.938272 0
1 0 1 22 0 0 -0.0548224 0.0401074 0.0364926 0.077109 4.58954e-08 0 0 -2.67699
2 0 1 22 0 0 0.0132239 0.00584944 -0.0658257 0.0673952 1.05367e-08 0 0 -2.67699
3 0 1 211 0 0 -0.0519975 -0.00222009 -0.00111563 0.148962 0.13957 0 0 -2.67699
4 0 1 -211 0 0 0.0780649 0.110995 0.157328 0.250292 0.13957 0 0 -2.67699
5 0 1 2212 0 0 0.0169997 -0.155711 0.607064 1.12846 0.938272 0 0 -2.67699
6 0 1 11 0 0 -0.00146852 0.000978719 9.46606 9.46606 0.000510999 0 0 -2.67699
	 6 1 1 0 0 11 10.2 2212 0.938272 0
1 0 1 22 0 0 -0.0989627 -0.419224 1.33591 1.40364 5.37269e-08 0 0 -5.37726
2 0 1 22 0 0 -0.053894 0.101017 0.0443703 0.122791 -1.24428e-08 0 0 -5.37726
3 0 1 211 0 0 -0.0240244 0.0285112 0.107883 0.180301 0.13957 0 0 -5.37726
4 0 1 -211 0 0 0.0854935 -0.0599983 0.180778 0.251136 0.13957 0 0 -5.37726
5 0 1 2212 0 0 0.0933708 0.35006 0.454274 1.10362 0.938272 0 0 -5.37726
6 0 1 11 0 0 -0.00198313 -0.000365264 8.07678 8.07678 0.000510999 0 0 -5.37726
	 6 1 1 0 0 11 10.2 2212 0.938272 0
1 0 1 22 0 0 -0.0759569 -0.0197984 0.0714094 0.106117 5.3735e-08 0 0 -1.63531
2 0 1 22 0 0 -0.00659083 0.042157 0.0393714 0.0580582 1.24602e-08 0 0 -1.63531
3 0 1 211 0 0 0.0260292 -0.0476148 0.0930555 0.176306 0.13957 0 0 -1.63531
4 0 1 -211 0 0 0.0466146 0.101203 0.000469369 0.178591 0.13957 0 0 -1.63531
5 0 1 2212 0 0 -0.0676832 0.118829 0.413024 1.03424 0.938272 0 0 -1.63531
6 0 1 11 0 0 0.0775871 -0.194775 9.58267 9.58496 0.000510999 0 0 -1.63531
	 6 1 1 0 0 11 10.2 2212 0.938272 0
1 0 1 22 0 0 0.00989365 -0.0974534 0.192988 0.216424 5.36623e-08 0 0 -2.41348
2 0 1 22 0 0 0.0177057 -0.00202137 -0.00681068 0.0190778 1.22535e-08 0 0 -2.41348
3 0 1 211 0 0 -0.0322691 -0.122818 0.0405285 0.192997 0.13957 0 0 -2.41348
4 0 1 -211 0 0 -0.0358582 0.0195248 -0.0305504 0.148594 0.13957 0 0 -2.41348
5 0 1 2212 0 0 0.00921407 0.197346 0.546244 1.10353 0.938272 0 0 -2.41348
6 0 1 11 0 0 0.0313139 0.00542212 9.4576 9.45765 0.000510999 0 0 -2.41348
	 6 1 1 0 0 11 10.2 2212 0.938272 0
1 0 1 22 0 0 0.0902992 0.105764 0.16299 0.214256 5.35652e-08 0 0 -0.630437
2 0 1 22 0 0 -0.0530143 0.0488478 0.139355 0.156896 1.26331e-08 0 0 -0.630437
3 0 1 211 0 0 -0.0198241 0.0378904 0.108119 0.181654 0.13957 0 0 -0.630437
4 0 1 -211 0 0 0.0629922 0.0317491 0.194565 0.249622 0.13957 0 0 -0.630437
5 0 1 2212 0 0 -0.0742864 -0.221325 0.260484 1.00135 0.938272 0 0 -0.630437
6 0 1 11 0 0 -0.00616653 -0.00292587 9.33449 9.33449 0.000510999 0 0 -0.630437
	 6 1 1 0 0 11 10.2 2212 0.938272 0
1 0 1 22 0 0 0.00670677 0.0503347 0.0346194 0.0614579 5.35693e-08 0 0 -3.3518
2 0 1 22 0 0 0.0899633 -0.043083 0.0906291 0.134771 1.29718e-08 0 0 -3.3518
3 0 1 211 0 0 0.0375439 0.304688 0.0840541 0.347548 0.13957 0 0 -3.3518
4 0 1 -211 0 0 0.0390137 0.0538579 0.118018 0.194501 0.13957 0 0 -3.3518
5 0 1 2212 0 0 -0.173616 -0.363367 0.724873 1.25219 0.938272 0 0 -3.3518
6 0 1 11 0 0 0.000388433 -0.00243092 9.14781 9.14781 0.000510999 0 0 -3.3518
	 6 1 1 0 0 11 10.2 2212 0.938272 0
1 0 1 22 0 0 0.0249546 -0.181582 0.187016 0.261858 5.3273e-08 0 0 -2.37707
2 0 1 22 0 0 -0.247543 0.350401 0.320955 0.53579 1.23554e-08 0 0 -2.37707
3 0 1 211 0 0 -0.0777113 -0.0061509 0.422637 0.451861 0.13957 0 0 -2.37707
4 0 1 -211 0 0 0.00836472 -0.0957907 0.17561 0.244058 0.13957 0 0 -2.37707
5 0 1 2212 0 0 0.289474 -0.0562868 0.602462 1.15338 0.938272 0 0 -2.37707
6 0 1 11 0 0 0.00246159 -0.0105905 8.49132 8.49133 0.000510999 0 0 -2.37707
	 6 1 1 0 0 11 10.2 2212 0.938272 0
1 0 1 22 0 0 0.0145849 -0.0311951 -0.00561322 0.0348907 5.32627e-08 0 0 -3.64623
2 0 1 22 0 0 0.0672584 0.0258438 0.00270668 0.0721035 1.24339e-08 0 0 -3.64623
3 0 1 211 0 0 -0.074829 0.0146795 0.214319 0.266885 0.13957 0 0 -3.64623
4 0 1 -211 0 0 0.072698 -0.0305556 0.0515107 0.16838 0.13957 0 0 -3.64623
5 0 1 2212 0 0 -0.173165 0.131687 0.376174 1.03402 0.938272 0 0 -3.64623
6 0 1 11 0 0 0.0934526 -0.110459 9.5609 9.562 0.000510999 0 0 -3.64623
	 6 1 1 0 0 11 10.2 2212 0.938272 0
1 0 1 22 0 0 -0.0236966 -0.0029225 0.0936416 0.0966376 5.32892e-08 0 0 -4.69967
2 0 1 22 0 0 0.0102661 -0.0207854 -0.012808 0.0264852 1.24156e-08 0 0 -4.69967
3 0 1 211 0 0 0.148047 0.0063778 -0.0883713 0.221919 0.13957 0 0 -4.69967
4 0 1 -211 0 0 0.106048 0.0315916 0.0204485 0.179282 0.13957 0 0 -4.69967
5 0 1 2212 0 0 -0.240691 -0.0142733 0.885868 1.31273 0.938272 0 0 -4.69967
6 0 1 11 0 0 2.69477e-05 1.17851e-05 9.30122 9.30122 0.000510999 0 0 -4.69967
	 6 1 1 0 0 11 10.2 2212 0.938272 0
1 0 1 22 0 0 0.0652927 0.179905 0.382229 0.427467 5.26836e-08 0 0 -1.53515
2 0 1 22 0 0 -0.390017 -0.217504 0.919385 1.0221 1.82501e-08 0 0 -1.53515
3 0 1 211 0 0 -0.226689 0.222081 0.596196 0.689664 0.13957 0 0 -1.53515
4 0 1 -211 0 0 -0.140838 0.120054 0.507816 0.558216 0.13957 0 0 -1.53515
5 0 1 2212 0 0 0.752661 -0.350341 0.891774 1.53781 0.938272 0 0 -1.53515
6 0 1 11 0 0 -0.060411 0.0458048 6.9026 6.90302 0.000510999 0 0 -1.53515
	 6 1 1 0 0 11 10.2 2212 0.938272 0
1 0 1 22 0 0 -0.0387229 0.0312051 -0.0117634 0.0511038 5.2672e-08 0 0 -1.35335
2 0 1 22 0 0 0.0408261 -0.0163496 0.00340351 0.0441097 1.82468e-08 0 0 -1.35335
3 0 1 211 0 0 0.0564634 -0.0268798 0.00748326 0.153122 0.13957 0 0 -1.35335
4 0 1 -211 0 0 0.00864113 0.0573466 0.288074 0.325315 0.13957 0 0 -1.35335
5 0 1 2212 0 0 -0.0671669 -0.0455324 0.354447 1.00627 0.938272 0 0 -1.35335
6 0 1 11 0 0 -4.08463e-05 0.000210067 9.55836 9.55836 0.000510999 0 0 -1.35335
	 6 1 1 0 0 11 10.2 2212 0.938272 0
1 0 1 22 0 0 0.0172168 0.064812 0.0771908 0.102252 5.26753e-08 0 0 -1.27973
2 0 1 22 0 0 -0.0620003 0.029916 0.0658964 0.0952961 1.8107e-08 0 0 -1.27973
3 0 1 211 0 0 0.0408772 0.0876366 0.0666376 0.182405 0.13957 0 0 -1.27973
4 0 1 -211 0 0 -0.000197794 -0.0665116 0.163428 0.224972 0.13957 0 0 -1.27973
5 0 1 2212 0 0 0.00403959 -0.115841 0.279297 0.985797 0.938272 0 0 -1.27973
6 0 1 11 0 0 6.45017e-05 -1.24024e-05 9.54755 9.54755 0.000510999 0 0 -1.27973
	 6 1 1 0 0 11 10.2 2212 0.938272 0
1 0 1 22 0 0 -0.0197333 0.0335464 0.0558211 0.0680497 5.26794e-08 0 0 -3.88609
2 0 1 22 0 0 -0.0559317 0.0196618 0.0270848 0.0651807 1.8092e-08 0 0 -3.88609
3 0 1 211 0 0 0.131556 0.068788 0.0482358 0.209393 0.13957 0 0 -3.88609
4 0 1 -211 0 0 0.0840799 0.18507 0.244434 0.3472 0.13957 0 0 -3.88609
5 0 1 2212 0 0 -0.172102 -0.320116 0.499328 1.12329 0.938272 0 0 -3.88609
6 0 1 11 0 0 0.0321309 0.0130495 9.3251 9.32516 0.000510999 0 0 -3.88609
	 6 1 1 0 0 11 10.2 2212 0.938272 0
1 0 1 22 0 0 -0.0139723 -0.145707 0.205681 0.252449 5.26177e-08 0 0 -3.45651
2 0 1 22 0 0 -0.0359854 0.00341651 0.0255466 0.0442634 1.8092e-08 0 0 -3.45651
3 0 1 211 0 0 -0.0504528 -0.0168195 0.0232929 0.151165 0.13957 0 0 -3.45651
4 0 1 -211 0 0 0.0556235 -0.0813161 0.100893 0.198407 0.13957 0 0 -3.45651
5 0 1 2212 0 0 0.044444 0.235596 0.400609 1.04801 0.938272 0 0 -3.45651
6 0 1 11 0 0 0.00034311 0.00483083 9.44398 9.44398 0.000510999 0 0 -3.45651
	 6 1 1 0 0 11 10.2 2212 0.938272 0
1 0 1 22 0 0 0.046755 -0.0135983 0.0181054 0.0519495 5.26187e-08 0 0 -4.18522
2 0 1 22 0 0 0.0296892 -0.0292297 0.0994031 0.107781 1.8107e-08 0 0 -4.18522
3 0 1 211 0 0 0.0207477 0.0240285 0.180636 0.230471 0.13957 0 0 -4.18522
4 0 1 -211 0 0 0.00900915 0.172802 0.0915011 0.240404 0.13957 0 0 -4.18522
5 0 1 2212 0 0 -0.106147 -0.153941 0.307664 1.00498 0.938272 0 0 -4.18522
6 0 1 11 0 0 -5.43172e-05 -6.19789e-05 9.50269 9.50269 0.000510999 0 0 -4.18522
	 6 1 1 0 0 11 10.2 2212 0.938272 0
1 0 1 22 0 0 -0.110259 -0.0599582 -0.0722362 0.144811 5.25764e-08 0 0 -2.54888
2 0 1 22 0 0 0.0546197 0.0325327 -0.0295812 0.0701194 1.81906e-08 0 0 -2.54888
3 0 1 211 0 0 -0.0699648 -0.0799588 0.00587049 0.175507 0.13957 0 0 -2.54888
4 0 1 -211 0 0 -0.0931216 -0.0269123 0.0753699 0.185893 0.13957 0 0 -2.54888
5 0 1 2212 0 0 0.217927 0.133056 1.21428 1.55564 0.938272 0 0 -2.54888
6 0 1 11 0 0 0.00079857 0.00124107 9.0063 9.0063 0.000510999 0 0 -2.54888
	 6 1 1 0 0 11 10.2 2212 0.938272 0
1 0 1 22 0 0 0.066291 0.0788263 -0.0131586 0.103833 5.25721e-08 0 0 -1.75724
2 0 1 22 0 0 -0.019737 0.0152626 0.106074 0.108968 1.8107e-08 0 0 -1.75724
3 0 1 211 0 0 -0.0342511 0.00272632 0.0254193 0.145967 0.13957 0 0 -1.75724
4 0 1 -211 0 0 0.0155131 0.104146 0.0779017 0.191404 0.13957 0 0 -1.75724
5 0 1 2212 0 0 -0.0407175 -0.205568 0.498724 1.08305 0.938272 0 0 -1.75724
6 0 1 11 0 0 0.0129016 0.00460703 9.50504 9.50505 0.000510999 0 0 -1.75724
	 6 1 1 0 0 11 10.2 2212 0.938272 0
1 0 1 22 0 0 -0.0178605 0.0415199 0.00451026 0.0454229 5.25671e-08 0 0 -4.43595
2 0 1 22 0 0 0.0333548 -0.0637242 0.0856257 0.111826 1.81787e-08 0 0 -4.43595
3 0 1 211 0 0 0.058792 -0.0390398 -0.0788771 0.175163 0.13957 0 0 -4.43595
4 0 1 -211 0 0 -0.0154198 -0.119019 0.128122 0.224273 0.13957 0 0 -4.43595
5 0 1 2212 0 0 -0.0585714 0.18215 0.619573 1.14054 0.938272 0 0 -4.43595
6 0 1 11 0 0 -0.00029512 -0.00188655 9.44105 9.44105 0.000510999 0 0 -4.43595
	 6 1 1 0 0 11 10.2 2212 0.938272 0
1 0 1 22 0 0 0.0138463 -0.0136241 0.0274058 0.0335919 5.25713e-08 0 0 -1.87509
2 0 1 22 0 0 0.00405995 -0.0212859 0.0340476 0.0403585 1.81668e-08 0 0 -1.87509
3 0 1 211 0 0 0.249017 0.138299 -0.0294492 0.318564 0.13957 0 0 -1.87509
4 0 1 -211 0 0 0.135799 0.0623644 0.170549 0.266266 0.13957 0 0 -1.87509
5 0 1 2212 0 0 -0.407435 -0.165917 0.872867 1.35491 0.938272 0 0 -1.87509
6 0 1 11 0 0 0.00471233 0.000164174 9.12458 9.12458 0.000510999 0 0 -1.87509
	 6 1 1 0 0 11 10.2 2212 0.938272 0
1 0 1 22 0 0 -0.0687766 -0.0808337 -0.0353218 0.111857 5.25764e-08 0 0 -5.1259
2 0 1 22 0 0 -0.0194349 -0.0897285 0.0768036 0.119698 1.82263e-08 0 0 -5.1259
3 0 1 211 0 0 0.00902073 -0.0687251 0.133231 0.205024 0.13957 0 0 -5.1259
4 0 1 -211 0 0 0.0777943 -0.0184911 -0.00318665 0.160884 0.13957 0 0 -5.1259
5 0 1 2212 0 0 0.00145865 0.257514 0.667711 1.18005 0.938272 0 0 -5.1259
6 0 1 11 0 0 -6.22297e-05 0.000264324 9.36076 9.36076 0.000510999 0 0 -5.1259
	 6 1 1 0 0 11 10.2 2212 0.938272 0
1 0 1 22 0 0 -0.124531 0.0737217 0.0202124 0.146122 5.25883e-08 0 0 -4.60347
2 0 1 22 0 0 -0.0175426 0.00316665 -0.0148339 0.0231908 1.82694e-08 0 0 -4.60347
3 0 1 211 0 0 0.0823957 0.141424 0.0552781 0.222093 0.13957 0 0 -4.60347
4 0 1 -211 0 0 -0.0608892 0.0158486 -0.0532222 0.162084 0.13957 0 0 -4.60347
5 0 1 2212 0 0 0.120476 -0.235402 1.01531 1.40753 0.938272 0 0 -4.60347
6 0 1 11 0 0 9.15436e-05 0.00124125 9.17725 9.17725 0.000510999 0 0 -4.60347
	 6 1 1 0 0 11 10.2 2212 0.938272 0
1 0 1 22 0 0 0.127176 0.00419625 0.432506 0.450836 5.16191e-08 0 0 -4.55591
2 0 1 22 0 0 0.117337 0.413519 0.0680928 0.435204 2.01261e-08 0 0 -4.55591
3 0 1 211 0 0 0.097657 0.0684186 -0.0310144 0.186171 0.13957 0 0 -4.55591
4 0 1 -211 0 0 0.104195 0.000772643 0.218885 0.279728 0.13957 0 0 -4.55591
5 0 1 2212 0 0 -0.429939 -0.497473 2.25124 2.52602 0.938272 0 0 -4.55591
6 0 1 11 0 0 -0.0164263 0.0105664 7.26029 7.26031 0.000510999 0 0 -4.55591
	 6 1 1 0 0 11 10.2 2212 0.938272 0
1 0 1 22 0 0 -0.0123769 -0.0302195 0.0225134 0.0396643 5.15971e-08 0 0 -4.62793
2 0 1 22 0 0 0.0505891 0.00961576 -0.0845711 0.0990151 2.01261e-08 0 0 -4.62793
3 0 1 211 0 0 0.0456995 0.0858796 0.191228 0.255952 0.13957 0 0 -4.62793
4 0 1 -211 0 0 0.0676489 0.0108889 0.0994461 0.184565 0.13957 0 0 -4.62793
5 0 1 2212 0 0 -0.151622 -0.0760841 0.479632 1.06732 0.938272 0 0 -4.62793
6 0 1 11 0 0 6.16469e-05 -8.06535e-05 9.49175 9.49175 0.000510999 0 0 -4.62793
	 6 1 1 0 0 11 10.2 2212 0.938272 0
1 0 1 22 0 0 -0.0330727 -0.0237336 -0.00722898 0.0413442 5.15797e-08 0 0 -1.27258
2 0 1 22 0 0 0.110748 -0.00753783 0.0734343 0.133096 2.01691e-08 0 0 -1.27258
3 0 1 211 0 0 -0.136881 0.131845 -0.0277932 0.237428 0.13957 0 0 -1.27258
4 0 1 -211 0 0 -0.0238061 -0.0131797 0.0142762 0.142913 0.13957 0 0 -1.27258
5 0 1 2212 0 0 -0.571685 -0.406154 1.48862 1.89424 0.938272 0 0 -1.27258
6 0 1 11 0 0 0.654697 0.318761 8.65869 8.68926 0.000510999 0 0 -1.27258
	 6 1 1 0 0 11 10.2 2212 0.938272 0
1 0 1 22 0 0 -0.00522258 0.16382 0.387882 0.42109 5.16191e-08 0 0 -0.504006
2 0 1 22 0 0 -0.111263 -0.32236 0.153822 0.374108 1.89038e-08 0 0 -0.504006
3 0 1 211 0 0 -0.0788654 0.0964146 0.0431567 0.191984 0.13957 0 0 -0.504006
4 0 1 -211 0 0 -0.0953888 -0.147877 0.11701 0.253255 0.13957 0 0 -0.504006
5 0 1 2212 0 0 0.457654 0.129016 1.19247 1.5901 0.938272 0 0 -0.504006
6 0 1 11 0 0 -0.166914 0.0809855 8.30566 8.30774 0.000510999 0 0 -0.504006
	 6 1 1 0 0 11 10.2 2212 0.938272 0
1 0 1 22 0 0 0.0841417 0.310702 0.0200878 0.32252 5.15345e-08 0 0 -3.66712
2 0 1 22 0 0 -0.186665 0.537575 0.803405 0.984525 2.10734e-08 0 0 -3.66712
3 0 1 211 0 0 0.0721518 0.418506 0.639683 0.780402 0.13957 0 0 -3.66712
4 0 1 -211 0 0 -0.0789243 0.172608 0.147018 0.277699 0.13957 0 0 -3.66712
5 0 1 2212 0 0 0.113411 -1.426 7.89708 8.08026 0.938272 0 0 -3.66712
6 0 1 11 0 0 -0.00411558 -0.0133896 0.692726 0.692868 0.000510999 0 0 -3.66712
	 6 1 1 0 0 11 10.2 2212 0.938272 0
1 0 1 22 0 0 -0.0810906 0.0663736 0.11112 0.152738 5.14677e-08 0 0 -3.35574
2 0 1 22 0 0 0.0324828 0.0727673 0.0585778 0.0989018 2.11658e-08 0 0 -3.35574
3 0 1 211 0 0 0.0191274 0.0485358 0.237423 0.280305 0.13957 0 0 -3.35574
4 0 1 -211 0 0 -0.106315 0.133146 0.116775 0.249293 0.13957 0 0 -3.35574
5 0 1 2212 0 0 0.197278 -0.372146 0.436811 1.11739 0.938272 0 0 -3.35574
6 0 1 11 0 0 -0.0614821 0.0513231 9.23929 9.23964 0.000510999 0 0 -3.35574
	 6 1 1 0 0 11 10.2 2212 0.938272 0
1 0 1 22 0 0 -0.000822384 0.143614 0.188193 0.236733 5.13496e-08 0 0 -5.18635
2 0 1 22 0 0 0.0314229 0.0165955 0.0107302 0.0371207 2.11495e-08 0 0 -5.18635
3 0 1 211 0 0 -0.0935473 0.0742367 -0.00500225 0.183758 0.13957 0 0 -5.18635
4 0 1 -211 0 0 -0.0150335 -0.0159074 0.0763619 0.160593 0.13957 0 0 -5.18635
5 0 1 2212 0 0 0.0771971 -0.213943 0.49426 1.08461 0.938272 0 0 -5.18635
6 0 1 11 0 0 0.000783177 -0.00459669 9.43546 9.43546 0.000510999 0 0 -5.18635
	 6 1 1 0 0 11 10.2 2212 0.938272 0
1 0 1 22 0 0 -0.104229 -0.0499355 0.0715885 0.135949 5.13834e-08 0 0 -4.72957
2 0 1 22 0 0 0.0330241 0.0107188 0.16599 0.169583 2.11556e-08 0 0 -4.72957
3 0 1 211 0 0 -0.0288957 -0.0327989 0.254873 0.293855 0.13957 0 0 -4.72957
4 0 1 -211 0 0 -0.000508313 -0.201059 0.305954 0.391807 0.13957 0 0 -4.72957
5 0 1 2212 0 0 0.103699 0.272138 0.274601 1.02008 0.938272 0 0 -4.72957
6 0 1 11 0 0 -0.00308923 0.000936771 9.12699 9.12699 0.000510999 0 0 -4.72957
	 6 1 1 0 0 11 10.2 2212 0.938272 0
1 0 1 22 0 0 -0.000157359 -0.00284452 -0.00253946 0.00381641 5.13861e-08 0 0 -0.554198
2 0 1 22 0 0 -0.137526 0.121092 0.155665 0.240434 2.13189e-08 0 0 -0.554198
3 0 1 211 0 0 -0.109826 0.146162 0.195518 0.301881 0.13957 0 0 -0.554198
4 0 1 -211 0 0 0.00296227 -0.0314498 0.235742 0.275776 0.13957 0 0 -0.554198
5 0 1 2212 0 0 0.241666 -0.228636 0.356747 1.0575 0.938272 0 0 -0.554198
6 0 1 11 0 0 0.00288154 -0.00432329 9.25887 9.25887 0.000510999 0 0 -0.554198
	 6 1 1 0 0 11 10.2 2212 0.938272 0
1 0 1 22 0 0 0.0183297 -0.0339486 0.00062504 0.038586 5.13729e-08 0 0 -3.1069
2 0 1 22 0 0 -0.151889 0.00866957 0.190219 0.243575 2.15617e-08 0 0 -3.1069
3 0 1 211 0 0 -0.122247 -0.0229967 0.0847116 0.205253 0.13957 0 0 -3.1069
4 0 1 -211 0 0 -0.252339 0.0820782 0.184729 0.35216 0.13957 0 0 -3.1069
5 0 1 2212 0 0 0.437883 -0.144488 0.700293 1.25833 0.938272 0 0 -3.1069
6 0 1 11 0 0 0.0702614 0.110685 9.03942 9.04037 0.000510999 0 0 -3.1069
	 6 1 1 0 0 11 10.2 2212 0.938272 0
1 0 1 22 0 0 0.0220012 0.0539067 -0.0276389 0.0644507 5.13834e-08 0 0 -5.31651
2 0 1 22 0 0 -0.0198979 0.0490021 -0.00601085 0.0532284 2.15186e-08 0 0 -5.31651
3 0 1 211 0 0 0.02484 -0.0879959 0.0599954 0.177312 0.13957 0 0 -5.31651
4 0 1 -211 0 0 -0.0379053 -0.0381487 0.078521 0.16893 0.13957 0 0 -5.31651
5 0 1 2212 0 0 0.0214335 0.00856816 0.470834 1.05003 0.938272 0 0 -5.31651
6 0 1 11 0 0 -0.0104715 0.0146675 9.6243 9.62432 0.000510999 0 0 -5.31651
	 6 1 1 0 0 11 10.2 2212 0.938272 0
1 0 1 22 0 0 0.0121969 0.0113058 -0.0349923 0.0387434 5.13876e-08 0 0 -4.32521
2 0 1 22 0 0 -0.00467366 0.0214073 0.0166285 0.0275067 2.15428e-08 0 0 -4.32521
3 0 1 211 0 0 -0.132179 -0.083668 0.433876 0.481871 0.13957 0 0 -4.32521
4 0 1 -211 0 0 -0.195667 -0.0512062 0.350325 0.42792 0.13957 0 0 -4.32521
5 0 1 2212 0 0 0.33584 0.0278362 0.318992 1.04674 0.938272 0 0 -4.32521
6 0 1 11 0 0 -0.0155174 0.0743249 9.11517 9.11549 0.000510999 0 0 -4.32521
	 6 1 1 0 0 11 10.2 2212 0.938272 0
1 0 1 22 0 0 -0.205755 0.00119439 -0.0862242 0.223094 5.12989e-08 0 0 -3.43273
2 0 1 22 0 0 0.133656 -0.159986 0.354783 0.411498 1.89953e-08 0 0 -3.43273
3 0 1 211 0 0 0.0121118 0.0190926 -0.0529951 0.150995 0.13957 0 0 -3.43273
4 0 1 -211 0 0 0.15941 0.00316888 0.117989 0.242534 0.13957 0 0 -3.43273
5 0 1 2212 0 0 -0.0835483 0.124861 1.73085 1.97453 0.938272 0 0 -3.43273
6 0 1 11 0 0 -0.0158746 0.0116691 8.1356 8.13562 0.000510999 0 0 -3.43273
	 6 1 1 0 0 11 10.2 2212 0.938272 0
1 0 1 22 0 0 0.0553817 0.0581415 -0.00285662 0.0803475 5.13001e-08 0 0 -1.23609
2 0 1 22 0 0 0.0142968 -0.000632126 -0.00199716 0.0144494 1.89815e-08 0 0 -1.23609
3 0 1 211 0 0 -0.0854683 0.206666 0.378695 0.461417 0.13957 0 0 -1.23609
4 0 1 -211 0 0 -0.0181566 0.183337 0.13662 0.26849 0.13957 0 0 -1.23609
5 0 1 2212 0 0 0.0370635 -0.446564 0.55425 1.17828 0.938272 0 0 -1.23609
6 0 1 11 0 0 -0.00311692 -0.000948962 9.13529 9.13529 0.000510999 0 0 -1.23609
	 6 1 1 0 0 11 10.2 2212 0.938272 0
1 0 1 22 0 0 0.0273391 0.0368436 0.0163381 0.0487013 5.12984e-08 0 0 -4.10353
2 0 1 22 0 0 -0.00869616 0.0594145 0.0934053 0.111042 1.89496e-08 0 0 -4.10353
3 0 1 211 0 0 0.0500846 -0.00199239 -0.0549912 0.158165 0.13957 0 0 -4.10353
4 0 1 -211 0 0 0.0367761 0.240277 0.060463 0.286742 0.13957 0 0 -4.10353
5 0 1 2212 0 0 -0.104748 -0.333797 0.892632 1.34147 0.938272 0 0 -4.10353
6 0 1 11 0 0 -0.000755902 -0.000745607 9.19215 9.19215 0.000510999 0 0 -4.10353
	 6 1 1 0 0 11 10.2 2212 0.938272 0
1 0 1 22 0 0 0.0476807 -0.0720067 0.0384906 0.0945513 5.132e-08 0 0 -0.579397
2 0 1 22 0 0 -0.00866513 0.0247864 0.107059 0.110231 1.89038e-08 0 0 -0.579397
3 0 1 211 0 0 0.0880323 0.103277 0.175903 0.262369 0.13957 0 0 -0.579397
4 0 1 -211 0 0 -0.0359134 -0.0874929 0.130941 0.213472 0.13957 0 0 -0.579397
5 0 1 2212 0 0 -0.0913493 0.0291248 0.271384 0.981426 0.938272 0 0 -0.579397
6 0 1 11 0 0 0.00021481 0.00231106 9.47622 9.47622 0.000510999 0 0 -0.579397
	 6 1 1 0 0 11 10.2 2212 0.938272 0
1 0 1 22 0 0 0.0778384 0.261137 0.258322 0.375475 5.17534e-08 0 0 -2.9809
2 0 1 22 0 0 -0.178661 -0.223141 0.261551 0.387454 1.78659e-08 0 0 -2.9809
3 0 1 211 0 0 0.0392293 0.0146878 0.0765876 0.164621 0.13957 0 0 -2.9809
4 0 1 -211 0 0 0.0471517 -0.0760064 0.0672592 0.178896 0.13957 0 0 -2.9809
5 0 1 2212 0 0 0.0872565 0.129496 0.667289 1.1619 0.938272 0 0 -2.9809
6 0 1 11 0 0 -0.0728154 -0.106173 8.86899 8.86993 0.000510999 0 0 -2.9809
	 6 1 1 0 0 11 10.2 2212 0.938272 0
1 0 1 22 0 0 0.00969352 -0.163485 0.10274 0.193331 5.17534e-08 0 0 -3.57234
2 0 1 22 0 0 0.0349177 -0.0184622 -0.00138114 0.0395223 1.79928e-08 0 0 -3.57234
3 0 1 211 0 0 -0.0456748 -0.0847433 -0.0413986 0.174532 0.13957 0 0 -3.57234
4 0 1 -211 0 0 -0.0857448 0.0366711 -0.0768258 0.184605 0.13957 0 0 -3.57234
5 0 1 2212 0 0 0.0858913 0.230941 1.26367 1.59309 0.938272 0 0 -3.57234
6 0 1 11 0 0 0.00091707 -0.000921711 8.95319 8.95319 0.000510999 0 0 -3.57234
	 6 1 1 0 0 11 10.2 2212 0.938272 0
1 0 1 22 0 0 -0.00394375 -0.216777 0.160023 0.269472 5.17199e-08 0 0 -1.83608
2 0 1 22 0 0 -0.0213504 -0.0189168 -0.0495332 0.0571597 1.81429e-08 0 0 -1.83608
3 0 1 211 0 0 0.0800558 -0.0804337 0.0306312 0.182473 0.13957 0 0 -1.83608
4 0 1 -211 0 0 0.0070733 -0.0575073 0.10942 0.186573 0.13957 0 0 -1.83608
5 0 1 2212 0 0 -0.0620588 0.373652 0.791509 1.28464 0.938272 0 0 -1.83608
6 0 1 11 0 0 0.000223874 -1.68066e-05 9.15795 9.15795 0.000510999 0 0 -1.83608
	 6 1 1 0 0 11 10.2 2212 0.938272 0
1 0 1 22 0 0 -0.312665 0.326219 -0.00611676 0.451902 5.1985e-08 0 0 -5.1868
2 0 1 22 0 0 0.0599043 0.048422 0.312063 0.321429 1.93572e-08 0 0 -5.1868
3 0 1 211 0 0 -0.143117 0.0718199 0.278762 0.350469 0.13957 0 0 -5.1868
4 0 1 -211 0 0 -0.0319416 0.0763063 -0.0421348 0.167625 0.13957 0 0 -5.1868
5 0 1 2212 0 0 0.427283 -0.523855 3.4354 3.62482 0.938272 0 0 -5.1868
6 0 1 11 0 0 0.000537074 0.00108813 6.22203 6.22203 0.000510999 0 0 -5.1868
	 6 1 1 0 0 11 10.2 2212 0.938272 0
1 0 1 22 0 0 0.0434471 0.0664454 0.106971 0.133212 5.19875e-08 0 0 -1.09458
2 0 1 22 0 0 -0.00797385 -0.0455371 0.0189867 0.0499771 1.93558e-08 0 0 -1.09458
3 0 1 211 0 0 0.125514 -0.0468072 0.106151 0.220664 0.13957 0 0 -1.09458
4 0 1 -211 0 0 0.00727775 -0.0867574 0.0969239 0.190929 0.13957 0 0 -1.09458
5 0 1 2212 0 0 -0.40889 0.253178 0.497403 1.16578 0.938272 0 0 -1.09458
6 0 1 11 0 0 0.240624 -0.140522 9.37356 9.37771 0.000510999 0 0 -1.09458
	 6 1 1 0 0 11 10.2 2212 0.938272 0
1 0 1 22 0 0 0.0179556 0.000277099 0.167382 0.168343 5.19541e-08 0 0 -4.63417
2 0 1 22 0 0 0.0246077 -0.00902173 -0.00595818 0.0268781 1.93383e-08 0 0 -4.63417
3 0 1 211 0 0 -0.0431823 -0.151057 0.0461015 0.215146 0.13957 0 0 -4.63417
4 0 1 -211 0 0 0.0562291 -0.0829291 -0.055524 0.180559 0.13957 0 0 -4.63417
5 0 1 2212 0 0 -0.0552145 0.24235 0.693695 1.19304 0.938272 0 0 -4.63417
6 0 1 11 0 0 -0.000395642 0.000380661 9.3543 9.3543 0.000510999 0 0 -4.63417
	 6 1 1 0 0 11 10.2 2212 0.938272 0
1 0 1 22 0 0 -0.021061 -0.00889999 -0.0193215 0.0299349 5.19358e-08 0 0 -1.23986
2 0 1 22 0 0 0.0641568 0.0480069 0.0752183 0.109902 1.92674e-08 0 0 -1.23986
3 0 1 211 0 0 0.130226 0.258229 0.208505 0.382877 0.13957 0 0 -1.23986
4 0 1 -211 0 0 0.055653 0.0497088 0.182847 0.241829 0.13957 0 0 -1.23986
5 0 1 2212 0 0 -0.228846 -0.344605 0.536143 1.15712 0.938272 0 0 -1.23986
6 0 1 11 0 0 -0.000128534 -0.00243941 9.21661 9.21661 0.000510999 0 0 -1.23986
	 6 1 1 0 0 11 10.2 2212 0.938272 0
1 0 1 22 0 0 -0.0552409 -0.00819965 -0.0353037 0.0660692 5.19353e-08 0 0 -3.96753
2 0 1 22 0 0 -0.187336 -0.00425115 0.0160484 0.18807 1.91771e-08 0 0 -3.96753
3 0 1 211 0 0 -0.015592 -0.0360356 0.0126812 0.145541 0.13957 0 0 -3.96753
4 0 1 -211 0 0 -0.00186033 -0.134315 0.133341 0.235167 0.13957 0 0 -3.96753
5 0 1 2212 0 0 0.336484 0.121042 0.958451 1.38811 0.938272 0 0 -3.96753
6 0 1 11 0 0 -0.076455 0.0617598 9.11478 9.11531 0.000510999 0 0 -3.96753
	 6 1 1 0 0 11 10.2 2212 0.938272 0
1 0 1 22 0 0 0.00605744 0.0103651 0.0457627 0.0473112 5.19291e-08 0 0 -2.7778
2 0 1 22 0 0 0.122398 -0.0602647 0.0152027 0.137275 1.90516e-08 0 0 -2.7778
3 0 1 211 0 0 -0.0131023 0.101226 0.0974574 0.198485 0.13957 0 0 -2.7778
4 0 1 -211 0 0 -0.0400338 -0.0310842 0.0655986 0.162333 0.13957 0 0 -2.7778
5 0 1 2212 0 0 -0.075677 -0.0191689 0.410037 1.02693 0.938272 0 0 -2.7778
6 0 1 11 0 0 0.000357228 -0.00107355 9.56594 9.56594 0.000510999 0 0 -2.7778
	 6 1 1 0 0 11 10.2 2212 0.938272 0
1 0 1 22 0 0 0.253846 -0.0981622 0.338357 0.434234 5.25517e-08 0 0 -0.52321
2 0 1 22 0 0 -0.145057 0.272709 0.276089 0.414291 1.70714e-08 0 0 -0.52321
3 0 1 211 0 0 -0.0121193 -0.000804294 0.0856762 0.164219 0.13957 0 0 -0.52321
4 0 1 -211 0 0 0.0293321 0.0168641 0.143126 0.202755 0.13957 0 0 -0.52321
5 0 1 2212 0 0 -0.125916 -0.19043 0.540697 1.10672 0.938272 0 0 -0.52321
6 0 1 11 0 0 -8.56652e-05 -0.000177519 8.81605 8.81605 0.000510999 0 0 -0.52321
	 6 1 1 0 0 11 10.2 2212 0.938272 0
1 0 1 22 0 0 0.0463779 -0.139167 0.489841 0.511334 5.26836e-08 0 0 -0.598445
2 0 1 22 0 0 0.0064793 0.0321485 -0.143847 0.147538 1.20713e-08 0 0 -0.598445
3 0 1 211 0 0 -0.0340854 -0.0126364 0.0134023 0.144848 0.13957 0 0 -0.598445
4 0 1 -211 0 0 -0.066748 0.0263274 -0.115276 0.194722 0.13957 0 0 -0.598445
5 0 1 2212 0 0 0.0365443 0.0947318 2.3291 2.51304 0.938272 0 0 -0.598445
6 0 1 11 0 0 0.0114319 -0.0014046 7.62679 7.62679 0.000510999 0 0 -0.598445
	 6 1 1 0 0 11 10.2 2212 0.938272 0
1 0 1 22 0 0 -0.29956 -0.0343819 0.0683969 0.309187 5.20958e-08 0 0 -1.90107
2 0 1 22 0 0 0.239288 0.000767413 0.163174 0.289629 1.31709e-08 0 0 -1.90107
3 0 1 211 0 0 0.0758277 -0.0613409 0.212779 0.27252 0.13957 0 0 -1.90107
4 0 1 -211 0 0 -0.147096 0.00937097 0.0189297 0.203871 0.13957 0 0 -1.90107
5 0 1 2212 0 0 0.138971 0.0873848 1.22694 1.55328 0.938272 0 0 -1.90107
6 0 1 11 0 0 -0.00742947 -0.00180042 8.50978 8.50978 0.000510999 0 0 -1.90107
	 6 1 1 0 0 11 10.2 2212 0.938272 0
1 0 1 22 0 0 0.21719 0.223647 -0.147354 0.344823 5.18873e-08 0 0 -1.4359
2 0 1 22 0 0 0.270786 0.00136596 0.361939 0.452025 9.12506e-09 0 0 -1.4359
3 0 1 211 0 0 0.133118 0.214103 0.276239 0.399185 0.13957 0 0 -1.4359
4 0 1 -211 0 0 0.0139201 0.0150521 0.104724 0.175691 0.13957 0 0 -1.4359
5 0 1 2212 0 0 -0.63272 -0.454401 4.50625 4.66834 0.938272 0 0 -1.4359
6 0 1 11 0 0 -0.00229484 0.000232909 5.0982 5.0982 0.000510999 0 0 -1.4359
	 6 1 1 0 0 11 10.2 2212 0.938272 0
1 0 1 22 0 0 -0.236923 -0.319979 1.16907 1.23501 4.94216e-08 0 0 -4.92845
2 0 1 22 0 0 -0.297364 0.139709 0.381328 0.503344 1.05367e-08 0 0 -4.92845
3 0 1 211 0 0 -0.395113 -0.102247 0.537904 0.689485 0.13957 0 0 -4.92845
4 0 1 -211 0 0 -0.227781 0.06739 0.569727 0.632846 0.13957 0 0 -4.92845
5 0 1 2212 0 0 1.12536 0.253668 1.79723 2.33263 0.938272 0 0 -4.92845
6 0 1 11 0 0 0.031822 -0.0385414 5.74474 5.74495 0.000510999 0 0 -4.92845
	 6 1 1 0 0 11 10.2 2212 0.938272 0
1 0 1 22 0 0 -0.105286 -0.132804 -0.0501016 0.176726 4.914e-08 0 0 -2.96426
2 0 1 22 0 0 0.152094 -0.234928 0.68583 0.740734 1.49012e-08 0 0 -2.96426
3 0 1 211 0 0 0.142683 -0.0203438 0.239329 0.312298 0.13957 0 0 -2.96426
4 0 1 -211 0 0 0.193195 -0.231338 0.460511 0.567795 0.13957 0 0 -2.96426
5 0 1 2212 0 0 -0.384229 0.900746 1.71824 2.18899 0.938272 0 0 -2.96426
6 0 1 11 0 0 0.00154336 -0.281332 7.14619 7.15173 0.000510999 0 0 -2.96426
	 6 1 1 0 0 11 10.2 2212 0.938272 0
1 0 1 22 0 0 -0.142923 -0.332128 0.112094 0.378551 4.88745e-08 0 0 -5.25595
2 0 1 22 0 0 0.0489412 0.143185 0.308678 0.343772 1.39388e-08 0 0 -5.25595
3 0 1 211 0 0 0.0347652 -0.120042 0.26753 0.326605 0.13957 0 0 -5.25595
4 0 1 -211 0 0 -0.0303337 0.115084 0.238119 0.300574 0.13957 0 0 -5.25595
5 0 1 2212 0 0 0.0690909 0.185469 0.634881 1.15004 0.938272 0 0 -5.25595
6 0 1 11 0 0 0.020459 0.00843243 8.6387 8.63873 0.000510999 0 0 -5.25595
	 6 1 1 0 0 11 10.2 2212 0.938272 0
1 0 1 22 0 0 0.010328 -0.0345231 0.649734 0.650732 4.94216e-08 0 0 -4.10815
2 0 1 22 0 0 0.768933 -0.216246 1.13673 1.3893 1.49012e-08 0 0 -4.10815
3 0 1 211 0 0 0.0442428 -0.0897609 0.269503 0.319572 0.13957 0 0 -4.10815
4 0 1 -211 0 0 -0.0113478 -0.0325947 0.164232 0.218273 0.13957 0 0 -4.10815
5 0 1 2212 0 0 -0.812022 0.371111 1.15433 1.73492 0.938272 0 0 -4.10815
6 0 1 11 0 0 -0.00013381 0.00201453 6.82547 6.82547 0.000510999 0 0 -4.10815
	 6 1 1 0 0 11 10.2 2212 0.938272 0
1 0 1 22 0 0 0.361376 0.161101 0.758962 0.855903 5.16191e-08 0 0 -1.62603
2 0 1 22 0 0 0.162531 -0.208126 1.61926 1.64065 0 0 0 -1.62603
3 0 1 211 0 0 0.00904539 -0.0432544 0.512969 0.533451 0.13957 0 0 -1.62603
4 0 1 -211 0 0 0.0850535 0.168326 0.848131 0.879985 0.13957 0 0 -1.62603
5 0 1 2212 0 0 -0.617895 -0.0773871 0.442234 1.20984 0.938272 0 0 -1.62603
6 0 1 11 0 0 -0.000111089 -0.000659618 6.01844 6.01844 0.000510999 0 0 -1.62603
	 6 1 1 0 0 11 10.2 2212 0.938272 0
1 0 1 22 0 0 -0.0809313 -0.038335 0.0394066 0.0978383 5.16254e-08 0 0 -5.16645
2 0 1 22 0 0 0.0383264 -0.098111 0.0550284 0.118839 -2.79397e-09 0 0 -5.16645
3 0 1 211 0 0 -0.0614197 -0.00181839 0.254677 0.296843 0.13957 0 0 -5.16645
4 0 1 -211 0 0 -0.0319557 -0.0483659 0.0678043 0.165643 0.13957 0 0 -5.16645
5 0 1 2212 0 0 0.132683 0.171403 0.347883 1.02389 0.938272 0 0 -5.16645
6 0 1 11 0 0 0.00329754 0.0152274 9.4352 9.43521 0.000510999 0 0 -5.16645
	 6 1 1 0 0 11 10.2 2212 0.938272 0
1 0 1 22 0 0 0.0269613 0.0103946 0.0210055 0.0357238 5.16023e-08 0 0 -2.48506
2 0 1 22 0 0 -0.0208371 -0.116282 0.0176675 0.119448 2.64445e-09 0 0 -2.48506
3 0 1 211 0 0 0.0424895 -0.0162475 0.0941977 0.17442 0.13957 0 0 -2.48506
4 0 1 -211 0 0 0.0128938 0.0678428 0.119618 0.19636 0.13957 0 0 -2.48506
5 0 1 2212 0 0 -0.0664814 0.0367358 0.334071 0.998863 0.938272 0 0 -2.48506
6 0 1 11 0 0 0.00497399 0.0175563 9.61344 9.61346 0.000510999 0 0 -2.48506
	 6 1 1 0 0 11 10.2 2212 0.938272 0
1 0 1 22 0 0 0.00602797 0.0701617 -0.0175133 0.0725653 5.1596e-08 0 0 -2.38323
2 0 1 22 0 0 0.00907092 -0.00977245 0.0439851 0.0459616 2.50766e-09 0 0 -2.38323
3 0 1 211 0 0 -0.0107392 0.0658919 0.0503009 0.162687 0.13957 0 0 -2.38323
4 0 1 -211 0 0 0.116903 -0.0885576 -0.0134664 0.202904 0.13957 0 0 -2.38323
5 0 1 2212 0 0 -0.114546 -0.0382185 0.606013 1.12347 0.938272 0 0 -2.38323
6 0 1 11 0 0 -0.00671713 0.000494826 9.53068 9.53068 0.000510999 0 0 -2.38323
	 6 1 1 0 0 11 10.2 2212 0.938272 0
1 0 1 22 0 0 -0.414746 0.258718 0.0912162 0.497262 5.12651e-08 0 0 -2.96973
2 0 1 22 0 0 0.0293066 0.015754 0.347757 0.349345 7.45058e-09 0 0 -2.96973
3 0 1 211 0 0 0.0943134 0.0321192 0.0479799 0.178069 0.13957 0 0 -2.96973
4 0 1 -211 0 0 0.000657204 0.0365188 0.159984 0.215427 0.13957 0 0 -2.96973
5 0 1 2212 0 0 0.291315 -0.342941 1.39628 1.74138 0.938272 0 0 -2.96973
6 0 1 11 0 0 -0.000847076 -0.000168536 8.15679 8.15679 0.000510999 0 0 -2.96973
	 6 1 1 0 0 11 10.2 2212 0.938272 0
1 0 1 22 0 0 -0.0271856 0.0561479 0.000370219 0.0623841 5.12673e-08 0 0 -2.31929
2 0 1 22 0 0 0.0462514 0.0638934 0.0643854 0.101819 7.5661e-09 0 0 -2.31929
3 0 1 211 0 0 0.115954 0.0993417 0.151304 0.256294 0.13957 0 0 -2.31929
4 0 1 -211 0 0 0.265179 -0.00304668 0.0749238 0.308905 0.13957 0 0 -2.31929
5 0 1 2212 0 0 -0.350514 -0.250974 0.817121 1.31677 0.938272 0 0 -2.31929
6 0 1 11 0 0 -0.0496842 0.034638 9.0919 9.0921 0.000510999 0 0 -2.31929
