	 6 1 1 0 0 11 10.2 2212 0.938272 0
1 0 1 22 0 0 1.20887 -0.0666749 2.4971 2.77513 -5.16191e-08 0 0 -2.22039
2 0 1 22 0 0 0.200426 0.198181 0.958779 0.999352 -2.35608e-08 0 0 -2.22039
3 0 1 211 0 0 0.215339 -0.0355098 0.76694 0.809512 0.13957 0 0 -2.22039
4 0 1 -211 0 0 0.229365 -0.13231 0.861517 0.912034 0.13957 0 0 -2.22039
5 0 1 2212 0 0 -1.8447 0.01017 3.80623 4.33253 0.938272 0 0 -2.22039
6 0 1 11 0 0 -0.0092991 0.0261438 1.30943 1.30972 0.000510999 0 0 -2.22039
	 6 1 1 0 0 11 10.2 2212 0.938272 0
1 0 1 22 0 0 -0.0269106 0.0150018 0.0178046 0.0355842 5.16034e-08 0 0 -1.33536
2 0 1 22 0 0 0.0699228 0.0167047 0.0874924 0.113239 2.34871e-08 0 0 -1.33536
3 0 1 211 0 0 -0.159823 -0.00437164 0.215611 0.30254 0.13957 0 0 -1.33536
4 0 1 -211 0 0 -0.0476778 -0.0795834 0.0191983 0.168686 0.13957 0 0 -1.33536
5 0 1 2212 0 0 0.240421 0.121052 0.395383 1.05316 0.938272 0 0 -1.33536
6 0 1 11 0 0 -0.0759325 -0.0688039 9.46451 9.46507 0.000510999 0 0 -1.33536
	 6 1 1 0 0 11 10.2 2212 0.938272 0
1 0 1 22 0 0 0.0231019 0.0148963 0.0250173 0.037168 5.16023e-08 0 0 -4.01687
2 0 1 22 0 0 -0.0154542 0.0815755 0.00404475 0.0831249 2.3441e-08 0 0 -4.01687
3 0 1 211 0 0 0.0286664 0.0488262 0.142257 0.207178 0.13957 0 0 -4.01687
4 0 1 -211 0 0 -0.0201012 -0.0681807 -0.0156395 0.157407 0.13957 0 0 -4.01687
5 0 1 2212 0 0 -0.0161899 -0.0770185 0.423247 1.03232 0.938272 0 0 -4.01687
6 0 1 11 0 0 -2.29935e-05 -9.87871e-05 9.62107 9.62107 0.000510999 0 0 -4.01687
	 6 1 1 0 0 11 10.2 2212 0.938272 0
1 0 1 22 0 0 0.0102489 0.105587 0.0953683 0.142649 5.14677e-08 0 0 -1.8539
2 0 1 22 0 0 0.0991509 -0.0361744 0.119731 0.159609 2.33389e-08 0 0 -1.8539
3 0 1 211 0 0 0.0441589 0.0346605 0.0344364 0.154328 0.13957 0 0 -1.8539
4 0 1 -211 0 0 0.156366 0.061392 0.129907 0.254116 0.13957 0 0 -1.8539
5 0 1 2212 0 0 -0.310565 -0.163972 0.523241 1.13025 0.938272 0 0 -1.8539
6 0 1 11 0 0 0.000640551 -0.00149335 9.29732 9.29732 0.000510999 0 0 -1.8539
	 6 1 1 0 0 11 10.2 2212 0.938272 0
1 0 1 22 0 0 0.00894544 0.026452 0.0159772 0.0321714 5.14593e-08 0 0 -4.06932
2 0 1 22 0 0 0.0390623 0.0292944 -0.0357253 0.0605006 2.33296e-08 0 0 -4.06932
3 0 1 211 0 0 -0.0123974 -0.0609264 0.199361 0.251178 0.13957 0 0 -4.06932
4 0 1 -211 0 0 0.0732311 0.0982124 0.0736144 0.199768 0.13957 0 0 -4.06932
5 0 1 2212 0 0 -0.156614 -0.0330567 0.375727 1.0233 0.938272 0 0 -4.06932
6 0 1 11 0 0 0.047772 -0.0599756 9.57105 9.57135 0.000510999 0 0 -4.06932
	 6 1 1 0 0 11 10.2 2212 0.938272 0
1 0 1 22 0 0 -0.0968197 0.0548377 0.127648 0.169338 5.13834e-08 0 0 -4.99161
2 0 1 22 0 0 -0.0656008 0.0870771 0.0402182 0.116204 2.34085e-08 0 0 -4.99161
3 0 1 211 0 0 -0.0273377 -0.0229222 0.149336 0.207494 0.13957 0 0 -4.99161
4 0 1 -211 0 0 -0.0264359 0.0383289 0.0593151 0.158638 0.13957 0 0 -4.99161
5 0 1 2212 0 0 0.216889 -0.156684 0.386224 1.04934 0.938272 0 0 -4.99161
6 0 1 11 0 0 -0.000695403 -0.000637745 9.43726 9.43726 0.000510999 0 0 -4.99161
	 6 1 1 0 0 11 10.2 2212 0.938272 0
1 0 1 22 0 0 -0.00645905 0.0122491 -0.0291699 0.03229 5.13812e-08 0 0 -5.26648
2 0 1 22 0 0 -0.00412766 0.00537707 -0.00958784 0.0117421 2.3407e-08 0 0 -5.26648
3 0 1 211 0 0 0.0365595 0.0322342 0.456437 0.479781 0.13957 0 0 -5.26648
4 0 1 -211 0 0 -0.137794 0.0986402 0.14408 0.262595 0.13957 0 0 -5.26648
5 0 1 2212 0 0 0.0543832 -0.127798 0.2738 0.987224 0.938272 0 0 -5.26648
6 0 1 11 0 0 0.0574383 -0.0207025 9.36444 9.36464 0.000510999 0 0 -5.26648
	 6 1 1 0 0 11 10.2 2212 0.938272 0
1 0 1 22 0 0 0.0239655 0.12517 0.267861 0.296634 5.16191e-08 0 0 -5.10693
2 0 1 22 0 0 -0.392718 -0.448294 0.715507 0.931206 1.82501e-08 0 0 -5.10693
3 0 1 211 0 0 -0.0118305 -0.167669 0.253061 0.334324 0.13957 0 0 -5.10693
4 0 1 -211 0 0 -0.0374913 -0.171457 0.70619 0.740937 0.13957 0 0 -5.10693
5 0 1 2212 0 0 0.41687 0.642691 0.980831 1.55859 0.938272 0 0 -5.10693
6 0 1 11 0 0 0.00120415 0.0195593 7.27655 7.27658 0.000510999 0 0 -5.10693
	 6 1 1 0 0 11 10.2 2212 0.938272 0
1 0 1 22 0 0 0.0181681 0.00495473 -0.0138897 0.0233998 5.1621e-08 0 0 -1.45795
2 0 1 22 0 0 -0.0737456 0.0355307 0.0606203 0.101861 1.83213e-08 0 0 -1.45795
3 0 1 211 0 0 0.0241106 -0.0520556 -0.0410968 0.156396 0.13957 0 0 -1.45795
4 0 1 -211 0 0 0.0531436 0.0226356 0.229497 0.274745 0.13957 0 0 -1.45795
5 0 1 2212 0 0 -0.0105942 -0.0273876 0.405648 1.02263 0.938272 0 0 -1.45795
6 0 1 11 0 0 -0.0110825 0.0163221 9.55922 9.55924 0.000510999 0 0 -1.45795
	 6 1 1 0 0 11 10.2 2212 0.938272 0
1 0 1 22 0 0 -0.0174686 -0.0140478 0.0400865 0.0459284 5.15855e-08 0 0 -3.28958
2 0 1 22 0 0 0.0644192 -0.0448828 -0.116364 0.140374 1.84392e-08 0 0 -3.28958
3 0 1 211 0 0 0.0654513 -0.0759276 -0.0433184 0.177215 0.13957 0 0 -3.28958
4 0 1 -211 0 0 0.0422534 -0.0491849 0.0486837 0.161414 0.13957 0 0 -3.28958
5 0 1 2212 0 0 -0.154587 0.184016 1.19858 1.54101 0.938272 0 0 -3.28958
6 0 1 11 0 0 -6.83812e-05 2.66019e-05 9.07233 9.07233 0.000510999 0 0 -3.28958
